#/npc/std/pet.c
SaveDatabase (["no_give":1,])
SaveDbase2 ([])
Con 33
Spi 31
Str 39
Cps 64
Dex 33
HP (/71,196,/)
MP (/17,57,/)
HP_Cent 50
AP 97
DP 218
CP 53
PP 31
SP 50
mpPerform ([])
Family (/0,0,0,0,0,0,0,/)
Org (/0,0,0,0,0,0,0,/)
City (/0,0,0,0,0,0,0,/)
Skills ([])
WeaponCode 60
Name "령登"
PicId 202
Owner 
OwnerNumber 4
Level 20
Effect ({0,0,0,0,0,0,0,0,0,0,0,0,0,0,0,0,0,0,0,0,0,0,0,0,0,0,0,0,0,0,0,0,0,0,0,0,0,0,0,0,0,0,0,0,0,0,0,0,0,0,0,0,0,0,0,0,0,0,0,0,0,0,0,0,0,0,0,0,0,0,0,0,0,0,0,0,0,0,0,0,0,0,0,0,0,0,0,0,0,0,0,0,0,0,0,0,0,0,0,0,0,0,0,0,0,0,0,0,0,0,0,0,0,0,0,0,0,0,0,0,0,0,0,0,0,0,0,0,0,0,0,0,0,0,0,0,0,0,0,0,0,0,0,0,0,0,0,0,0,0,0,0,0,0,0,0,0,0,0,0,0,0,0,0,0,0,0,0,0,0,0,0,0,0,0,0,0,0,0,0,0,0,0,0,0,0,0,0,0,0,0,0,0,0,0,0,0,0,0,0,0,0,0,0,0,0,0,0,0,0,0,0,0,0,0,0,0,0,0,0,0,0,0,0,0,0,0,0,0,0,0,0,0,0,0,0,0,0,0,0,0,0,0,0,0,0,0,0,0,0,0,0,0,0,0,0,0,0,0,0,0,0,0,0,0,0,0,0,0,0,0,0,0,0,0,0,0,0,0,0,0,0,0,0,0,0,0,0,0,0,0,0,0,0,0,0,0,0,0,0,0,0,0,0,0,0,0,0,0,0,0,0,0,0,0,0,0,0,0,0,0,0,0,0,0,0,0,0,0,0,0,0,0,0,0,0,0,0,0,0,0,0,0,0,0,0,0,0,0,0,0,0,0,0,0,0,0,0,0,0,0,0,0,0,0,0,0,0,0,0,0,0,0,0,0,0,0,0,0,0,0,0,0,0,})
pet_id "4_1544893237"
FirstOwnerId 4
FirstOwnerName "컫鬼쥡"
birthday 1544893237
OwnerTime 1544893237
FirstName "령登"
OwnerName "컫鬼쥡"
OwnerAccount "corky"
OwnerNumber 4
lifetime 5404
faith 80
blood 1
GiftPoint 80
iPortrait 202
con_grow 608
str_grow 715
cps_grow 729
mp_grow 364
ma_grow 346
md_grow 456
dex_grow 906
