#/npc/std/pet.c
SaveDatabase (["no_give":1,])
SaveDbase2 ([])
Con 16
Spi 45
Str 13
Cps 14
Dex 12
HP (/36,36,/)
MP (/28,28,/)
HP_Cent 50
AP 25
DP 34
CP 51
PP 30
SP 49
mpPerform ([])
Family (/0,0,0,0,0,0,0,/)
Org (/0,0,0,0,0,0,0,/)
City (/0,0,0,0,0,0,0,/)
Skills (["74123":(/1,0,/),"74124":(/1,0,/),])
HeadColor 64193
WeaponCode 60
Name "鬼쵯룝"
PicId 150
Owner 
OwnerNumber 4
Effect ({0,0,0,0,0,0,0,0,0,0,0,0,0,0,0,0,0,0,0,0,0,0,0,0,0,0,0,0,0,0,0,0,0,0,0,0,0,0,0,0,0,0,0,0,0,0,0,0,0,0,0,0,0,0,0,0,0,0,0,0,0,0,0,0,0,0,0,0,0,0,0,0,0,0,0,0,0,0,0,0,0,0,0,0,0,0,0,0,0,0,0,0,0,0,0,0,0,0,0,0,0,0,0,0,0,0,0,0,0,0,0,0,0,0,0,0,0,0,0,0,0,0,0,0,0,0,0,0,0,0,0,0,0,0,0,0,0,0,0,0,0,0,0,0,0,0,0,0,0,0,0,0,0,0,0,0,0,0,0,0,0,0,0,0,0,0,0,0,0,0,0,0,0,0,0,0,0,0,0,0,0,0,0,0,0,0,0,0,0,0,0,0,0,0,0,0,0,0,0,0,0,0,0,0,0,0,0,0,0,0,0,0,0,0,0,0,0,0,0,0,0,0,0,0,0,0,0,0,0,0,0,0,0,0,0,0,0,0,0,0,0,0,0,0,0,0,0,0,0,0,0,0,0,0,0,0,0,0,0,0,0,0,0,0,0,0,0,0,0,0,0,0,0,0,0,0,0,0,0,0,0,0,0,0,0,0,0,0,0,0,0,0,0,0,0,0,0,0,0,0,0,0,0,0,0,0,0,0,0,0,0,0,0,0,0,0,0,0,0,0,0,0,0,0,0,0,0,0,0,0,0,0,0,0,0,0,0,0,0,0,0,0,0,0,0,0,0,0,0,0,0,0,0,0,0,0,0,0,0,0,0,0,0,0,0,0,0,0,0,0,0,0,0,0,0,0,0,0,0,0,0,0,0,0,})
pet_id "4_1544893238"
FirstOwnerId 4
FirstOwnerName "컫鬼쥡"
birthday 1544893237
OwnerTime 1544893237
FirstName "鬼쵯룝"
OwnerName "컫鬼쥡"
OwnerAccount "corky"
OwnerNumber 4
lifetime 5009
faith 80
blood 1
iPortrait 150
con_grow 272
str_grow 637
cps_grow 611
mp_grow 184
ma_grow 245
md_grow 362
dex_grow 755
